% -------------------------------------------------------------------
%  Generated by MATLAB on 5-Apr-2018 09:46:11
%  MATLAB version: 9.3.0.713579 (R2017b)
% -------------------------------------------------------------------
                                    

E = ...
  [2 1.9842294026289558 1.9371663222572622 1.8595529717765029 1.7526133600877272 ...
   1.6180339887498949 1.4579372548428231 1.2748479794973793 1.0716535899579931 ...
   0.85155858313014532 0.6180339887498949 0.37476262917144948 0.12558103905862705 ...
   -0.1255810390586268 -0.37476262917144965 -0.61803398874989468 -0.85155858313014543 ...
   -1.0716535899579938 -1.2748479794973795 -1.4579372548428227 -1.6180339887498947 ...
   -1.7526133600877269 -1.8595529717765027 -1.9371663222572622 -1.9842294026289555 ...
   -2 -1.9842294026289558 -1.9371663222572622 -1.8595529717765025 -1.7526133600877274 ...
   -1.6180339887498949 -1.4579372548428231 -1.274847979497379 -1.0716535899579926 ...
   -0.85155858313014432 -0.61803398874989512 -0.37476262917144926 -0.12558103905862641 ...
   0.12558103905862567 0.37476262917144854 0.61803398874989446 0.85155858313014521 ...
   1.071653589957992 1.2748479794973786 1.4579372548428224 1.6180339887498947 ...
   1.7526133600877272 1.8595529717765029 1.9371663222572619 1.9842294026289555 ...
   2 1.9842294026289558 1.9371663222572622 1.8595529717765027 1.7526133600877267 ...
   1.6180339887498942 1.457937254842822 1.2748479794973793 1.0716535899579929 ...
   0.8515585831301461 0.61803398874989546 0.37476262917144948 0.12558103905862664 ...
   -0.12558103905862542 -0.37476262917145003 -0.61803398874989091 -0.85155858313014343 ...
   -1.0716535899579902 -1.2748479794973784 -1.4579372548428211 -1.6180339887498945 ...
   -1.7526133600877263 -1.8595529717765029 -1.9371663222572619 -1.9842294026289558 ...
   -2 -1.984229402628956 -1.9371663222572622 -1.8595529717765034 -1.7526133600877269 ...
   -1.6180339887498953 -1.457937254842822 -1.2748479794973795 -1.0716535899579944 ...
   -0.851558583130148 -0.61803398874989568 -0.37476262917145148 -0.12558103905862689 ...
   0.12558103905862519 0.37476262917144981 0.618033988749894 0.85155858313014643 ...
   1.0716535899579931 1.2748479794973782 1.4579372548428209 1.6180339887498942 ...
   1.7526133600877261 1.8595529717765027 1.9371663222572619 1.9842294026289558 ...
   2;
   -5 -5 -5 -5 -5 -5 -5 -5 -5 -5 -5 -5 -5 -5 -5 -5 -5 -5 -5 -5 -5 -5 -5 ...
   -5 -5 -5 -5 -5 -5 -5 -5 -5 -5 -5 -5 -5 -5 -5 -5 -5 -5 -5 -5 -5 -5 -5 ...
   -5 -5 -5 -5 -5 -5 -5 -5 -5 -5 -5 -5 -5 -5 -5 -5 -5 -5 -5 -5 -5 -5 -5 ...
   -5 -5 -5 -5 -5 -5 -5 -5 -5 -5 -5 -5 -5 -5 -5 -5 -5 -5 -5 -5 -5 -5 -5 ...
   -5 -5 -5 -5 -5 -5 -5 -5 -5;
   -0 -0.56214394375717391 -1.104373658054034 -1.60748038493699 -2.0536413177860662 ...
   -2.4270509831248424 -2.7144811573980587 -2.9057494833858932 -2.9940801852848145 ...
   -2.9763441039434335 -2.8531695488854609 -2.6289200401315913 -2.311539728327368 ...
   -1.9122719692460697 -1.4452610223051456 -0.92705098312484258 -0.37599970069291228 ...
   0.18837155858794002 0.74606966149456366 1.277337874695218 1.7633557568774192 ...
   2.186905882264234 2.5329837765060446 2.7893294576647545 2.9468617521860661 ...
   3 2.9468617521860661 2.7893294576647536 2.532983776506045 2.1869058822642362 ...
   1.76335575687742 1.2773378746952191 0.74606966149456344 0.1883715585879398 ...
   -0.37599970069291255 -0.927050983124844 -1.4452610223051447 -1.9122719692460675 ...
   -2.311539728327368 -2.6289200401315909 -2.8531695488854605 -2.9763441039434335 ...
   -2.9940801852848145 -2.9057494833858932 -2.71448115739806 -2.4270509831248428 ...
   -2.0536413177860653 -1.607480384936987 -1.104373658054034 -0.562143943757177 ...
   -1.1021821192326179E-15 0.56214394375717491 1.1043736580540318 1.6074803849369896 ...
   2.0536413177860675 2.4270509831248415 2.7144811573980592 2.9057494833858941 ...
   2.9940801852848149 2.976344103943434 2.8531695488854614 2.6289200401315931 ...
   2.3115397283273693 1.9122719692460692 1.4452610223051443 0.92705098312484868 ...
   0.37599970069291733 -0.18837155858793225 -0.74606966149455878 -1.2773378746952146 ...
   -1.7633557568774181 -2.1869058822642313 -2.5329837765060441 -2.789329457664754 ...
   -2.9468617521860656 -3 -2.9468617521860656 -2.7893294576647554 -2.5329837765060454 ...
   -2.1869058822642335 -1.7633557568774207 -1.2773378746952178 -0.746069661494562 ...
   -0.18837155858794619 0.37599970069290878 0.92705098312483536 1.4452610223051461 ...
   1.912271969246067 2.3115397283273635 2.6289200401315913 2.85316954888546 ...
   2.9763441039434331 2.9940801852848145 2.9057494833858937 2.7144811573980605 ...
   2.4270509831248468 2.0536413177860662 1.6074803849369927 1.10437365805404 ...
   0.56214394375717291 2.2043642384652358E-15];

E1 = [2 1.9842294026289558 1.9371663222572622 1.8595529717765029 1.7526133600877272 ...
      1.6180339887498949 1.4579372548428231 1.2748479794973793 1.0716535899579931 ...
      0.85155858313014532 0.6180339887498949 0.37476262917144948 0.12558103905862705 ...
      -0.1255810390586268 -0.37476262917144965 -0.61803398874989468 -0.85155858313014543 ...
      -1.0716535899579938 -1.2748479794973795 -1.4579372548428227 -1.6180339887498947 ...
      -1.7526133600877269 -1.8595529717765027 -1.9371663222572622 -1.9842294026289555 ...
      -2 -1.9842294026289558 -1.9371663222572622 -1.8595529717765025 -1.7526133600877274 ...
      -1.6180339887498949 -1.4579372548428231 -1.274847979497379 -1.0716535899579926 ...
      -0.85155858313014432 -0.61803398874989512 -0.37476262917144926 -0.12558103905862641 ...
      0.12558103905862567 0.37476262917144854 0.61803398874989446 0.85155858313014521 ...
      1.071653589957992 1.2748479794973786 1.4579372548428224 1.6180339887498947 ...
      1.7526133600877272 1.8595529717765029 1.9371663222572619 1.9842294026289555 ...
      2 1.9842294026289558 1.9371663222572622 1.8595529717765027 1.7526133600877267 ...
      1.6180339887498942 1.457937254842822 1.2748479794973793 1.0716535899579929 ...
      0.8515585831301461 0.61803398874989546 0.37476262917144948 0.12558103905862664 ...
      -0.12558103905862542 -0.37476262917145003 -0.61803398874989091 -0.85155858313014343 ...
      -1.0716535899579902 -1.2748479794973784 -1.4579372548428211 -1.6180339887498945 ...
      -1.7526133600877263 -1.8595529717765029 -1.9371663222572619 -1.9842294026289558 ...
      -2 -1.984229402628956 -1.9371663222572622 -1.8595529717765034 -1.7526133600877269 ...
      -1.6180339887498953 -1.457937254842822 -1.2748479794973795 -1.0716535899579944 ...
      -0.851558583130148 -0.61803398874989568 -0.37476262917145148 -0.12558103905862689 ...
      0.12558103905862519 0.37476262917144981 0.618033988749894 0.85155858313014643 ...
      1.0716535899579931 1.2748479794973782 1.4579372548428209 1.6180339887498942 ...
      1.7526133600877261 1.8595529717765027 1.9371663222572619 1.9842294026289558 ...
      2];

E2 = [5 5 5 5 5 5 5 5 5 5 5 5 5 5 5 5 5 5 5 5 5 5 5 5 5 5 5 5 5 5 5 5 5 ...
      5 5 5 5 5 5 5 5 5 5 5 5 5 5 5 5 5 5 5 5 5 5 5 5 5 5 5 5 5 5 5 5 5 ...
      5 5 5 5 5 5 5 5 5 5 5 5 5 5 5 5 5 5 5 5 5 5 5 5 5 5 5 5 5 5 5 5 5 ...
      5 5];

